       7.791759
      11.897890
      19.326980
      31.172990
      48.370740
      71.644110
     101.546100
     138.510200
     182.888700
     234.977500
     295.031900
     363.276900
     439.914000
     525.126100
     619.080700
     721.932400
     833.825300
     954.893700
    1085.264000
    1225.056000
    1374.381000
    1533.348000
    1702.058000
    1880.608000
    2069.092000
    2267.598000
    2476.213000
    2695.019000
    2924.094000
    3163.517000
    3413.359000
    3673.694000
    3944.589000
    4226.112000
    4518.329000
    4821.301000
    5135.090000
    5459.757000
    5795.358000
    6141.950000
