          -5    23.624 20.086 16.919 14.094 11.582  9.356  7.389  5.652  4.113  2.718  1.000
          -4    20.086 16.919 14.094 11.582  9.356  7.389  5.652  4.113  2.718  1.000  2.718
          -3    16.919 14.094 11.582  9.356  7.389  5.652  4.113  2.718  1.000  2.718  4.113
          -2    14.094 11.582  9.356  7.389  5.652  4.113  2.718  1.000  2.718  4.113  5.652
          -1    11.582  9.356  7.389  5.652  4.113  2.718  1.000  2.718  4.113  5.652  7.389
           0     9.356  7.389  5.652  4.113  2.718  1.000  2.718  4.113  5.652  7.389  9.356
           1     7.389  5.652  4.113  2.718  1.000  2.718  4.113  5.652  7.389  9.356 11.582
           2     5.652  4.113  2.718  1.000  2.718  4.113  5.652  7.389  9.356 11.582 14.094
           3     4.113  2.718  1.000  2.718  4.113  5.652  7.389  9.356 11.582 14.094 16.919
           4     2.718  1.000  2.718  4.113  5.652  7.389  9.356 11.582 14.094 16.919 20.086
           5     1.000  2.718  4.113  5.652  7.389  9.356 11.582 14.094 16.919 20.086 23.624
