  -3.00000000       4.72699357E+32
  -2.90000010       4.72699357E+32
  -2.80000019       4.72699357E+32
  -2.70000029       4.72699357E+32
  -2.60000038       4.72699357E+32
  -2.50000048       4.72699357E+32
  -2.40000057       4.72699357E+32
  -2.30000067       4.72699357E+32
  -2.20000076       4.72699357E+32
  -2.10000086       4.72699357E+32
  -2.00000095       4.72699357E+32
  -1.90000093       4.72699357E+32
  -1.80000091       4.72699357E+32
  -1.70000088       4.72699357E+32
  -1.60000086       4.72699357E+32
  -1.50000083       4.72699357E+32
  -1.40000081       4.72699357E+32
  -1.30000079       4.72699357E+32
  -1.20000076       4.72699357E+32
  -1.10000074       4.72699357E+32
  -1.00000072       4.72699357E+32
 -0.900000691       2.70000219    
 -0.800000668       2.40000200    
 -0.700000644       2.10000181    
 -0.600000620       1.80000186    
 -0.500000596       1.50000179    
 -0.400000602       1.20000184    
 -0.300000608      0.900001824    
 -0.200000614      0.600001812    
 -0.100000612      0.300001830    
  -6.10947609E-07   1.83284283E-06
   9.99993905E-02 -0.299998164    
  0.199999392     -0.599998176    
  0.299999386     -0.899998188    
  0.399999380      -1.19999814    
  0.499999374      -1.49999809    
  0.599999368      -1.79999804    
  0.699999392      -2.09999824    
  0.799999416      -2.39999819    
  0.899999440      -2.69999838    
  0.999999464      -2.99999833    
   1.09999943      -3.29999828    
   1.19999945      -3.59999847    
   1.29999948      -3.89999843    
   1.39999950      -4.19999838    
   1.49999952      -4.49999857    
   1.59999955      -4.79999876    
   1.69999957      -5.09999847    
   1.79999959      -5.39999866    
   1.89999962      -5.69999886    
   1.99999964      -5.99999905    
   2.09999967      -6.29999924    
   2.19999957      -6.59999847    
   2.29999948      -6.89999866    
   2.39999938      -7.19999790    
   2.49999928      -7.49999809    
   2.59999919      -7.79999733    
   2.69999909      -8.09999752    
   2.79999900      -8.39999676    
   2.89999890      -8.69999695    
   2.99999881      -8.99999619    
